45.8
34.6
62.4
51.7
33.8
13.1
57.5
39.6
31.6
73.6
50.0
65.7
67.5
58.6
42.3
68.3
25.8
12.9
54.7
45.6
49.5
71.1
49.2
50.2
41.0
49.2
54.6
92.3
12.0
44.2
5.6
12.6
53.1
35.3
25.2
57.6
49.1
46.8
13.5
41.2
55.2
42.3
33.8
68.5
36.7
35.2
36.0
61.0
28.3
60.6
82.5
46.2
29.1
59.0
41.0
59.6
33.6
34.2
45.7
61.1
24.2
66.2
6.7
83.2
56.9
27.0
56.1
46.4
23.3
31.4
43.5
51.6
56.4
61.7
27.3
65.1
24.9
37.9
75.8
74.3
19.5
5.6
7.6
52.1
15.2
51.7
47.8
28.8
16.9
71.9
44.8
31.9
21.3
54.4
60.0
31.6
41.0
52.7
69.1
76.4
37.7
17.3
62.8
12.3
30.2
22.7
18.2
23.9
60.3
0.0
54.8
57.4
43.6
58.7
48.2
9.5
29.0
13.9
39.7
41.0
63.2
42.7
28.3
34.7
16.1
55.5
36.4
18.5
70.4
46.9
34.5
39.9
44.4
42.1
45.6
26.1
19.9
61.6
36.7
18.1
68.9
23.6
20.5
66.3
34.0
48.2
23.7
67.2
53.4
14.5
46.1
47.2
27.3
83.7
48.3
41.4
4.5
35.1
8.6
2.5
48.8
32.1
33.0
0.0
59.4
48.9
31.7
10.8
66.7
62.3
78.5
66.0
41.9
32.0
30.6
40.5
85.8
34.1
68.0
43.8
28.1
54.5
93.2
39.9
53.1
25.0
39.6
36.7
35.8
36.9
20.1
24.3
36.4
42.2
49.0
48.0
32.4
32.3
62.3
69.3
81.4
10.3
25.0
11.9
72.7
10.9
55.2
53.4
50.2
40.2
50.9
17.7
58.0
37.9
8.5
38.9
51.6
31.3
46.3
37.0
93.5
30.4
38.2
10.6
56.2
34.7
54.9
29.2
71.6
73.4
0.0
28.1
24.4
43.8
39.4
14.9
52.1
16.0
35.3
76.8
70.8
44.6
53.2
24.8
22.3
6.3
0.7
14.3
89.8
33.0
17.9
35.7
64.9
50.2
11.4
32.1
45.7
19.6
34.6
56.1
28.5
46.1
51.8
61.2
30.9
13.0
57.6
34.0
5.8
64.5
44.0
26.7
43.5
27.8
43.6
60.7
22.3
61.4
41.3
32.4
45.5
10.5
61.5
67.8
33.0
37.4
31.9
68.9
71.5
26.3
54.2
39.6
40.0
0.0
38.1
46.9
38.2
58.3
26.6
52.4
43.3
0.0
24.6
71.3
72.6
16.5
27.7
30.0
27.6
39.2
39.8
87.2
27.1
19.2
34.4
77.1
38.3
72.6
42.5
28.5
43.4
57.8
37.8
36.0
40.3
41.3
36.3
43.1
26.6
10.1
37.3
31.6
34.7
57.9
37.5
48.3
3.7
42.6
8.2
30.1
27.3
60.0
33.2
57.4
21.7
18.6
45.4
33.9
40.7
42.4
35.6
28.4
43.9
50.4
11.7
17.2
36.3
54.9
41.0
22.5
72.7
21.7
5.0
41.6
23.3