3
56
71
77
86
97
265
322
322
324
338
396
464
536
553
581
642
646
653
658
681
761
842
894
929
936
954
996
1026
1048
1106
1107
1120
1125
1130
1145
1162
1271
1320
1341
1353
1418
1587
1610
1692
1703
1737
1748
1761
1773
1775
1792
1820
1855
1860
1932
1933
2004
2070
2077
2133
2142
2150
2167
2189
2213
2266
2304
2312
2320
2323
2327
2493
2528
2542
2583
2585
2586
2591
2665
2672
2735
2743
2801
2821
2851
2952
3014
3033
3091
3095
3172
3179
3211
3232
3245
3288
3300
3306
3372
3460
3476
3491
3666
3762
3906
3954
4023
4072
4084
4086
4213
4218
4225
4231
4313
4490
4536
4543
4576
4592
4627
4657
4699
4730
4769
4950
4977
4986
5058
5080
5108
5131
5193
5200
5223
5278
5361
5428
5477
5571
5580
5597
5597
5678
5695
5747
5803
5838
5907
5968
5982
6031
6088
6104
6161
6289
6357
6443
6523
6606
6625
6643
6688
6707
6760
6812
6834
6889
7062
7087
7118
7186
7203
7218
7229
7237
7267
7325
7422
7547
7647
7792
7820
7926
7959
7967
8004
8024
8105
8340
8342
8370
8477
8534
8564
8589
8673
8684
8725
8802
8807
8807
8919
8970
8990
9018
9022
9030
9049
9070
9072
9137
9200
9220
9229
9254
9321
9345
9417
9472
9474
9598
9627
9750
9862
9869
9880
9904
10007
10037
10060
10187
10251
10337
10379
10425
10479
10486
10562
10577
10635
10668
10785
10798